100273
100282
100303
100311
100319
100331
100396
10046
100530
100579
100717
100817
100821
10083
100901
100910
100975
101014
101033
101069
101094
1011
101110
101234
101310
101355
101362
1014
101426
101510
101548
101569
101697
101713
101719
10175
10176
101761
101814
101874
101894
101904
102090
102111
102133
102171
102205
102281
10229
10230
102307
102377
102469
102529
102540
102655
102704
102754
102766
102787
102822
102862
103018
103228
103251
103332
103356
103383
10346
103575
103759
103804
103890
103902
103978
104177
104248
104328
104343
104365
104403
104454
104493
104607
104621
104792
104811
104817
105026
105063
105115
105192
105195
105310
105364
10540
10545
105473
105520
105529
105531
105532
105594
105620
105643
105688
105728
105756
105804
105820
105830
105844
105877
105904
105921
105933
105976
106229
106269
106296
106363
106513
106525
106545
106567
106616
106637
106646
106652
106772
106792
106799
106832
106964
106978
10701
107019
107051
107097
107129
107147
107157
107212
10728
107384
107454
107482
107519
107586
107593
107620
107625
107691
107767
107884
107959
107977
108091
108113
108140
10817
108259
108266
108282
108287
108301
108429
108501
108642
108677
108701
10877
10881
108810
108859
108862
108871
108894
108944
109008
109041
109208
109277
109281
109338
109386
109417
109450
109666
109778
109816
109823
109836
109863
109896
109928
110
110001
110006
110013
110034
110078
110240
110404
110431
110437
110488
110514
110530
110697
110704
110723
110724
110735
11075
110790
110984
110989
111121
111124
111148
111262
111330
111348
111352
111422
11147
111492
111648
111661
111673
111737
111807
111820
111889
111922
111943
112029
112228
112253
112272
112358
112459
112590
11265
112673
112707
11271
112785
112805
112807
11282
112882
112899
112989
112992
113112
113199
113259
11326
113293
113315
113370
113391
113415
113521
113561
113598
113619
113700
113721
113724
113725
11373
113985
11403
114060
114087
114142
114144
114153
114169
114178
114240
114256
11426
114269
114326
114392
1144
114408
114421
114459
1145
114519
114541
114652
114701
114788
11485
114854
11487
114968
114978
115003
115005
115055
115169
115359
115374
115505
115519
115544
115604
115619
11569
115718
11576
115864
115893
115902
115942
115967
116004
116010
116026
116049
116088
116147
116155
116181
116185
116196
116220
116229
11635
116356
11638
116402
116592
116783
116892
116911
117060
117071
117105
11720
117283
117302
117428
117515
11754
117555
117679
117691
117722
11774
117768
117781
117784
117821
117838
117884
117931
117998
118060
118061
118199
11826
118369
118404
118459
118477
118480
11849
118543
118680
118764
118837
118840
118950
119002
119053
119115
119195
119207
119263
119297
119357
119423
119492
119525
119543
119555
119604
119647
119755
119837
119849
119882
119891
119909
119916
119923
120103
120181
120241
120333
120400
12044
120511
120524
120613
120718
120743
120940
12109
121184
121193
121219
121322
121350
121358
121366
121446
12145
121453
121530
12156
121582
121612
121651
121682
121683
121693
121718
121769
121824
121879
121884
121901
121938
121943
122109
122116
122147
122216
122264
122352
122357
12240
122498
122537
122834
122857
123067
12307
123177
123273
123389
123514
123646
123749
123855
123891
123909
123914
123935
123995
124069
12408
124182
124188
12428
124364
124456
124567
124723
124751
124804
124812
124829
124834
124836
124893
125091
125117
125118
125120
125188
125230
125244
125266
125311
125351
125468
125541
125555
12556
125652
125658
125667
125684
125718
125761
125840
125882
125908
126001
126047
126070
1261
12612
1264
126433
12650
126613
126687
126714
126798
126808
126814
126826
126950
126979
12698
12711
127115
127122
127235
127256
12726
127301
127306
127339
127342
127393
127418
127441
127454
127558
127581
127612
127620
127712
127744
127750
127786
127823
12784
12803
12805
128072
128076
12825
128278
128290
12838
12839
128429
128512
128553
128607
128647
128691
128715
128838
128848
128885
12891
12892
128929
129004
129068
129097
12930
129359
129415
129672
129700
129766
129781
129782
129871
129925
129951
130116
130163
130245
130286
130328
13045
130492
130506
130518
130598
130624
130786
130908
130949
130972
130992
131044
131197
13121
131225
131277
13129
131299
131364
13140
13143
131465
131470
131498
131674
131697
131703
131763
131840
132000
132099
13230
132515
132520
132523
132529
132565
132617
132768
132773
132838
132874
132973
133004
133225
133229
13325
133384
133403
133490
133573
133727
133766
133831
133835
133845
134033
134144
134238
134302
134383
134430
13452
134599
134624
134755
134770
134772
134849
134893
134907
134937
135149
13517
135344
135345
135392
135397
135463
135467
135475
1355
135539
135638
13576
135790
135815
135966
135989
13603
136129
136142
136185
136245
136289
136302
136310
136316
136331
13636
136396
136575
136651
136670
136700
136711
136811
136900
136903
136962
137100
13719
13720
137220
137288
137339
137378
137406
137690
137701
137777
137806
137824
137892
137918
137963
13800
138116
138166
138186
138189
138310
138347
138367
138501
138507
138529
138579
138582
138585
138595
1386
138629
138905
138910
138948
139000
139008
139068
139075
139157
139165
139230
139240
139327
13934
139386
139389
139429
139469
139494
139500
139526
139538
139595
139612
139625
139639
139748
139758
139865
139887
139915
139930
139944
139952
139982
139983
140088
140114
14014
140236
140247
140284
140291
1403
140328
14044
14049
140585
140690
140693
140717
140738
140821
140831
140865
140866
140954
141101
141160
141302
141336
141376
141543
141581
141860
141920
141922
141927
141996
142002
142014
142051
142123
142191
142263
142321
142352
14238
142393
1424
142400
142420
14244
142470
14253
142557
142569
142599
142629
142660
142674
142680
142684
14269
142767
142824
142847
142953
142970
142977
142985
143017
143095
143140
143151
143158
143168
143306
143348
143482
143499
143501
143636
14375
143870
143933
143952
143958
143965
144091
144093
144272
144372
144388
144453
144467
144597
144646
14468
144683
144717
144734
144746
144832
144965
144994
14502
145113
145161
145179
145188
145211
145262
145264
145337
145409
145452
145460
145538
145638
145690
145722
145915
145978
145989
146049
146171
146186
146208
146274
146324
146481
146492
146501
146510
146513
146611
146620
146623
146626
146645
146826
14683
146907
146926
146972
146988
147012
147049
147122
147134
147187
147192
147392
147568
14757
147597
14764
147646
147753
147829
147873
147894
147941
147983
148101
148102
148144
148165
148208
148230
148267
148301
148373
148375
148480
148502
148583
148584
148629
148677
148705
148727
14873
148802
148811
148827
14886
148908
148924
149030
149086
149202
149212
149305
14938
149498
149551
14966
149679
149738
149763
149833
149849
14986
149881
149921
149961
150044
150053
150082
150192
150196
150197
150286
150367
150442
150552
150594
150671
150746
150867
15096
150969
150981
1510
151017
151096
15110
151214
151254
151328
151406
151466
151486
151564
151577
151583
15165
151671
151732
151764
151777
1518
151801
151854
151869
15197
152269
152273
152293
152299
1523
152320
152328
152403
152431
152501
152529
152556
152578
152657
152664
152693
152819
152871
152914
152954
152965
152976
153204
153380
15354
153542
1536
153677
153856
153892
153907
153909
153920
15394
154107
154111
154189
154244
15427
154305
154414
154613
154680
15472
154754
154801
15485
154868
154869
154911
155219
155262
155379
155448
155496
15564
155652
155754
1558
155806
155869
155937
155941
155993
156060
156066
156073
156151
156156
156197
156221
156296
156367
156630
156710
156776
156784
156812
156824
156910
156939
156963
157020
157108
157199
157288
157350
157393
157480
157486
157491
157512
157639
157656
157675
157693
157707
157714
157744
15794
157981
157989
158036
158038
158044
158055
158378
158514
158676
158747
158759
158786
158787
158861
159109
159118
159135
159280
159376
159409
159558
159582
159601
159753
159768
159820
159823
159924
159926
159963
159972
159987
160013
160106
160142
160255
160380
160407
160428
160443
160459
160542
160610
160614
160615
16089
160890
160900
160931
160967
161051
161093
16113
16114
161287
161337
161367
161386
161599
161611
161673
161719
161812
161814
161823
161929
162046
162083
162285
162322
162355
162375
162475
16273
162861
16297
163047
163068
163101
163175
16342
163559
163571
163598
16364
164044
164178
164290
164381
164423
164461
164491
164572
164587
164598
164634
164657
164698
16470
164725
164772
16496
165200
165203
165248
16525
165334
165347
165376
165433
165438
165552
165555
165609
165684
165753
165773
165852
165883
166018
166067
166225
166254
166261
166291
166481
166503
166693
166723
166750
166853
166864
166920
166926
166959
166998
1670
167028
167033
167057
167171
167180
167184
167206
167229
167300
167303
16737
16741
167426
167450
167480
167490
167574
167642
167645
167683
167795
167892
167995
167996
168097
168121
168259
168291
168349
168387
168453
168622
168690
168725
168774
168865
169032
169040
169086
169197
169204
169322
169330
169365
169495
16957
169633
169634
169732
169803
169907
169962
170107
170295
170388
170516
170540
170562
17057
170584
170689
170754
17076
170850
170857
170865
170917
170953
170982
171017
171139
171155
171284
171376
171422
171429
171435
171453
171472
171742
171768
171806
171940
172000
172010
172051
172056
172121
172197
172246
172310
172392
172420
172501
172507
172597
172681
172743
172778
172800
172874
172901
172987
173032
17312
173153
173198
173231
173258
173284
173289
173324
173430
173595
173722
173777
173843
173864
173893
17401
174012
174026
174098
174137
174157
174303
174527
174573
17468
174701
174738
174751
174773
174794
174876
174896
175020
175112
175162
175195
175238
175288
175359
175383
175421
175451
175459
175477
175500
175523
175536
1756
175606
175693
175703
175889
175912
175952
176029
176085
176087
176090
176148
176194
176265
176285
176536
176587
176726
17675
176765
176923
176945
177060
177193
177253
177277
177289
177349
177355
177381
177404
177413
177571
177625
177658
177748
177775
177818
177829
177832
177922
177974
177998
178081
178152
17817
178178
178192
178242
178285
178376
17839
178418
178484
1785
178526
178647
178751
178754
178771
178785
178793
178798
178871
178962
179039
179088
179122
179153
179164
179201
179242
179408
179545
179551
179603
17962
17967
179672
179770
179805
17985
179906
179932
180047
180067
180085
180099
180123
180169
180285
180315
180327
180341
180350
180386
1804
18041
180494
180549
180569
180578
180670
180720
180765
180799
181009
181053
181061
181064
181122
181155
181176
181208
181216
181223
181348
181351
181367
181436
181453
181631
181649
181850
181885
181906
181909
181949
182020
182064
182096
182112
18214
1822
182258
182373
182379
182384
182406
182496
182502
182505
18256
182593
182634
182673
182710
182758
182902
182960
182967
18316
183202
183212
183219
183233
183240
183247
183260
183327
183372
183412
183517
183539
183554
183597
183805
183957
183964
183972
183982
184101
184106
184116
184123
184209
184389
18439
184397
184477
184490
184523
18460
184610
184684
184705
18473
184800
184828
184835
184877
184879
184930
18495
184999
185004
185051
185097
185108
185158
185247
185258
185265
185281
18535
185368
185394
185514
185577
185591
185760
185818
185830
185844
185906
185991
186035
186056
186099
186181
186196
18627
186317
18641
186438
186451
186493
186563
18658
186635
186646
186671
186685
186699
186717
186729
186791
186906
187103
187119
187153
187181
187282
187283
187442
187473
187511
187582
187644
187709
187724
187752
187792
18780
187803
187823
187855
187878
187952
187986
18802
188120
188139
18816
188189
188239
188352
188372
188380
188388
188556
188585
188688
188712
188757
188762
188826
188956
189148
189156
189223
189278
189361
18942
189472
189646
189656
189735
189789
189805
189814
189951
189957
189996
189998
190016
190026
190064
190117
190136
190334
190387
190547
190573
190670
19074
190905
190994
191031
191072
191101
191102
191190
191230
191321
191325
191327
191376
191417
191439
191457
191561
191651
191667
191690
191729
191805
191945
191962
191994
192104
192114
192196
192234
192464
19250
192524
192576
192585
1926
192710
192723
192745
192759
192768
192799
192835
192852
192878
192928
192931
192994
193193
193222
193246
193452
193471
193479
193488
193506
193579
193594
194154
194235
194247
194336
194346
194459
19450
194528
194540
194698
194700
194774
194820
194907
194943
195163
19528
195316
195352
195449
19546
195484
195696
195797
1958
195806
195927
195949
195998
196156
196170
196205
196226
19635
1966
196608
196623
196686
196721
196748
196785
196851
196888
196899
19695
196971
19698
196981
197005
197029
19707
197071
197155
19725
197273
197305
197307
197427
197503
197551
197568
197705
197807
197851
197863
197886
197888
197934
197980
198030
198057
19828
198319
198327
198396
198558
198561
198596
198607
198611
198620
198622
198654
198704
198735
198762
198786
198856
198993
199021
199063
199119
199151
19926
199363
1994
199460
199487
199527
199554
199577
199715
199721
19980
199841
199913
19994
200031
200133
200138
200289
200351
200404
200464
200483
200678
200680
2007
200735
200778
200782
200867
200879
201003
201018
201062
201123
201145
201184
20133
201406
201476
201519
201607
20168
201702
20172
201724
201738
20182
201897
201940
201969
202066
202070
202099
202112
202131
202168
202226
202372
202414
202767
20279
202855
202888
203021
203034
203160
203236
203304
203388
203458
203511
203601
203730
203765
203778
203867
204021
20418
20421
204217
204225
204272
204273
204351
204386
204422
204505
204526
204529
204537
204657
204690
204700
204735
204759
204777
204837
204863
204981
204987
205055
205125
205221
205274
205313
205334
205460
205560
205564
205650
205656
205703
205757
205769
205790
205794
20588
205902
205904
205947
205955
20619
206415
206427
206463
206465
206584
206685
206704
206735
206841
206857
207048
207077
207083
207090
207142
207215
207276
207282
207424
207481
207503
207513
207542
207543
207556
207629
207654
20768
20769
20770
207734
207739
207833
207880
207978
208008
208022
208024
208082
208121
208151
208250
208256
208295
208348
208350
208379
208386
208509
208612
208714
208754
208779
208820
20888
208880
208882
209012
209016
209040
209126
209128
209200
209229
209253
209356
209418
209467
209531
209537
209563
209643
20966
209791
209918
209922
209923
210010
210015
21003
210057
210077
210090
210296
210344
210371
210416
210437
210471
210568
210672
210684
210710
210729
210731
210769
210861
21095
210956
211164
211178
211336
211458
211526
211622
211644
211683
21175
211760
211807
211830
211844
211850
211968
212011
212025
212118
212229
212303
212311
212532
212575
212610
212635
212641
212679
21268
212685
212741
212787
212856
212859
212873
212887
212893
212920
212969
213020
213039
213048
213070
213095
213117
213124
213135
21320
213207
213214
213241
213282
213312
213314
213389
21343
21353
213557
213577
213725
213936
214024
214055
214133
214266
214290
214395
214453
21451
214563
214569
21462
214623
214725
214729
214924
21497
214972
214990
214997
214998
215134
215167
215249
215273
21534
215469
215493
215523
215534
215555
215558
215569
215587
215625
215657
215746
215776
215844
215863
215878
215889
215907
215994
216059
216072
216091
21622
216223
216244
216265
216319
216351
216393
216455
216462
216480
216524
216682
216685
216694
216715
216716
216742
21676
216771
216840
216932
216980
217068
217080
217113
217135
217143
217165
217238
217268
217302
21740
217429
217433
217460
217707
217720
217725
217766
21780
217893
21801
218057
218106
218114
218116
218142
218237
218379
218674
21868
218711
218717
218775
218776
218931
218990
219025
21942
219535
219590
219680
219735
219750
219784
219796
21981
219810
219817
219905
219935
219943
220031
220037
220076
220077
220096
220115
22012
22014
220152
220226
220234
220239
220289
220366
220449
220464
220548
220568
220571
220686
220688
220823
220842
220843
220860
220922
221004
221053
221223
221241
221378
221420
22145
221470
221505
221515
221540
221614
221696
2217
221743
221763
221865
221888
221903
222006
222027
222036
222244
22226
222395
222408
222427
222439
222463
222472
222489
222588
222783
22281
222961
222964
223114
223129
223146
223194
223216
22326
223270
223404
223461
223474
223526
223660
223682
22374
223741
223754
223942
224034
224052
224056
224060
224079
22411
224112
224140
224164
224197
224285
224292
224303
224306
224349
22440
224407
224414
224419
224462
224505
224537
224601
224677
224692
224776
22484
224869
224929
224958
224959
225041
225060
225113
225160
225241
225271
22529
225337
225345
22536
225363
225372
225383
225473
225490
225566
225579
225608
22564
225713
2258
225835
225848
225923
226046
226151
226348
226442
22650
226505
22651
226517
226528
226559
22658
226595
226936
22696
2270
227010
227040
227061
227178
227205
227502
227554
227675
227723
227743
227825
227843
227939
227946
22796
227978
228098
2281
228246
228398
2284
228434
228456
22871
228783
228799
228920
228953
229058
229078
229233
229302
229472
22949
229511
229825
229827
229833
229875
229949
229969
230046
230061
230127
230133
230141
23015
230152
230164
230178
23025
230291
230334
230340
230522
230554
230578
230707
230727
230741
230752
230844
230851
230864
230889
23089
23093
23098
230991
231056
231062
231104
231142
231368
23137
231373
231378
231395
231401
231677
231714
231801
231845
231905
231932
23194
231963
232011
232167
232263
232339
232420
232484
23258
232656
232689
232717
232723
232781
232875
233040
233064
233093
23315
233319
233395
233428
233453
233642
233697
233706
234217
234236
23424
234244
23434
234352
234475
234612
2347
234781
234819
234948
234949
235031
235061
235176
235268
235269
235328
23539
235390
235537
235609
235624
235651
235687
235945
236057
236075
236111
236155
236222
236316
236336
23639
236424
236515
236572
236593
236629
236673
236712
236760
236990
237003
237091
237110
237179
237188
237281
237309
237333
237337
237340
237367
237383
237385
237423
237445
23760
237677
237701
237825
237872
237897
237941
238018
238095
238193
238200
238217
238231
238286
238316
238453
238535
238630
238712
238717
23874
238795
238828
238860
238928
239047
23908
239101
23914
239427
239483
23957
239676
239736
239757
239805
239811
239870
24002
240046
240093
240112
240155
240247
240267
240298
24030
24042
240545
240586
240625
240691
24072
240755
24081
240952
241046
24105
241058
24107
241076
241082
241148
241161
241188
241208
241271
24132
241329
241408
241527
241623
241761
241809
241945
242008
242036
242116
242145
242167
242187
242296
24231
242431
242467
242520
242526
242677
242709
242739
242827
2429
242998
243017
243136
243173
243207
243211
243268
243307
243333
243361
243370
243416
243509
243792
243824
243947
243962
243986
24401
244014
24411
244132
244164
244284
244291
24436
244367
244451
244465
244528
244530
244540
244589
244597
244683
244712
244762
244782
2448
244836
244844
244870
244983
244992
244994
245002
245075
245089
245116
24520
245243
245451
245530
245654
24571
245757
245825
245857
246007
246009
246029
246085
246089
246245
246323
246342
246417
246423
246491
246496
246539
246706
246719
246723
246728
246831
246841
246852
246869
246879
247052
247071
247082
24712
247121
247126
247157
247247
24725
24730
247319
247346
247351
247475
247487
247529
247545
247604
247680
247726
247826
247858
24788
247919
247921
247929
247976
248023
248052
248132
248150
248221
248391
248461
248565
24859
248640
248830
248831
24912
249176
249291
249348
249362
24939
249435
249445
24948
249489
249529
249616
249664
249727
249839
249856
249861
249875
249983
249993
250026
250043
250069
250103
250124
250200
250232
250292
250293
250400
250417
250533
250569
25058
250848
250941
250952
251049
251113
251121
251219
251365
251418
251448
251466
251503
251600
251660
25167
251696
251723
25174
251790
251804
251835
251897
25192
251974
252069
252105
252136
252178
252193
252198
252212
252373
252420
252451
252611
252664
252751
252801
252807
252846
252850
252937
252943
253031
253054
253065
253094
253123
253143
253159
253229
253290
253447
253467
253498
253777
253863
25388
253883
253890
253915
253962
253971
253992
254025
254032
254060
254131
25414
254218
254242
254356
254357
254376
254387
254396
254520
254585
254600
254658
254775
254797
254821
25485
254984
255006
255016
255018
255045
25506
255124
255226
255271
255399
255402
255425
255443
25549
255500
255623
255849
255898
255969
256151
256190
256236
25628
256322
256384
256419
256465
256539
256549
256607
256617
256664
256720
25673
256731
256734
256741
256755
256766
256781
256806
256981
257044
257063
257071
257073
257090
257231
25729
257301
257341
257387
257450
25746
257461
257615
257674
257723
257774
257782
257807
257909
258020
25803
258035
258099
258264
258327
258344
258364
258397
258528
258538
258635
258642
258794
258832
258931
258975
259067
259088
259115
259137
259228
259249
259265
259419
259458
259535
259553
259572
259595
259666
259677
259719
259745
259884
25994
259951
260029
260050
260111
260139
260311
260347
260354
260373
260395
260445
260491
26052
260604
260651
260679
260748
2608
26097
261003
261305
261315
261765
261893
262116
262172
262207
262261
262359
262389
262418
262508
262521
262561
262588
262603
262688
26274
262747
262848
262884
262935
262937
26294
262967
263041
263047
263276
263294
263381
263405
263434
263450
263623
263677
263703
263764
263770
263878
263970
263974
264079
264098
264256
264320
264362
264396
264434
264499
264511
26454
264551
264636
264647
264708
264712
264884
264888
264959
265023
265052
26506
265135
265187
265225
265236
265244
265292
265412
265449
265536
265566
265586
265594
265622
265625
265745
26577
265967
265980
266038
266069
266108
266353
2664
266422
26647
266515
266533
266600
266618
266659
266697
266809
266859
266880
266908
267000
267008
267048
267059
267067
267105
267111
267136
267260
267324
267388
267402
267435
267497
267540
267560
267734
267779
267794
267798
26780
26783
267834
267871
267925
267969
267985
268014
268141
268150
268213
268227
268260
268274
26829
268313
268370
268385
268397
268406
268510
268569
268570
268668
268718
268804
268876
26893
269054
269091
2691
269103
269213
269228
269333
269431
269434
269462
269477
269550
269566
269580
2697
269888
269913
269915
269927
270109
270111
270135
270179
270186
270198
270234
270369
270388
270406
27046
270512
270579
270596
270688
270789
270836
270865
270912
270922
270956
271034
271058
271118
271157
271171
271231
271360
271464
271473
271488
27149
271574
271580
271875
271930
271987
272026
272171
272217
272218
272223
272269
272297
272405
272459
272490
272538
272670
272729
272743
272785
272800
272803
272866
273001
27302
273049
273089
273103
273158
273200
273336
273378
273516
273537
273606
273607
273633
273658
273677
273716
273736
273783
273879
273886
274022
274079
274108
274130
274170
2742
27424
274267
274304
274341
274409
274499
274537
274556
274585
274586
274633
274640
274665
274690
27482
274860
274916
275014
275028
27510
275211
275339
2754
275443
27556
275565
275630
275631
275643
275672
275718
275760
275793
275795
275835
275919
275980
275997
276017
27616
276233
276244
27627
276418
276506
276507
276516
276539
276542
276565
276582
276584
276590
276711
276749
276829
276913
27701
277072
277156
27718
277263
27727
277319
277401
27742
277448
277472
277481
277503
277530
277575
277576
27763
277718
277746
277775
277848
277885
277916
27792
277956
277998
278001
278055
2782
278219
278243
278309
278450
278452
278467
278496
278548
278628
278646
278675
278731
278796
278799
27888
278936
27901
279065
279122
279129
279199
279288
279308
279322
279415
279430
279588
279603
279608
279632
279647
279708
27974
279777
279803
279844
279849
279871
279941
279957
279961
280018
280020
280023
280084
280122
280331
28038
280423
280437
280442
280484
280596
280641
280721
280765
280829
28085
280873
280995
281014
281105
281127
281160
281168
281224
281227
281237
281285
281339
281351
281358
281382
281464
281498
281557
281578
281586
281650
281652
281663
281764
28186
281888
281920
281970
281996
282067
282070
282131
282158
282198
282252
28231
282425
282431
282450
28251
28253
282579
28263
282661
282667
282671
282691
282720
282733
282766
282773
282776
282949
283004
283018
283059
28307
283111
283188
283278
283333
283408
283445
283479
283524
283617
283620
283638
283648
283658
283679
28385
283863
283868
283913
28392
284014
284150
2842
284233
284259
284290
284448
284507
284529
284582
284644
284652
284756
284765
284910
285041
285045
285059
285180
285249
28525
285254
285257
285342
285358
285417
285457
285470
285486
285628
285634
285883
285913
285914
2860
286009
286101
286159
286190
286234
286254
286302
286328
286359
286382
286411
286425
286471
286530
286639
286645
286688
28674
286787
286870
286930
287119
287213
287221
287249
287299
287337
287361
287369
287386
287388
287400
287422
287488
28759
287716
287760
287782
287839
287854
287881
287953
287958
287988
28802
288021
288099
288164
288171
288204
28823
288263
288310
288358
288416
288506
28855
288556
288610
288721
288723
288733
288841
288853
288921
289058
289147
289199
289212
289248
289276
289282
289326
289329
289333
289341
28952
289621
289662
289684
289696
289698
289791
289795
289833
289864
289866
289912
289915
289972
290153
290318
290331
290398
290549
290566
290584
290656
290705
290720
290761
290812
290846
290849
290866
290962
290974
291004
291019
291207
291269
29145
291475
291478
291484
291493
291503
291526
29154
29161
291725
291839
291841
291873
292101
292102
292125
292127
292133
292213
292271
292283
292315
292351
292358
292444
292537
292538
292597
292661
292763
292823
292827
292833
292844
292927
29324
293254
293362
293453
293524
293679
293716
293756
293899
294102
294159
294186
294283
294330
294346
294409
294679
294688
294716
29473
294813
294837
294892
294933
294942
294957
294968
295015
295103
295106
295159
295257
295282
295317
295329
295358
295428
295443
295461
295537
295578
295647
295659
295686
295745
295753
295889
295924
29602
296046
296067
29607
296108
296244
296257
296374
29642
296432
296474
296477
296560
296613
296629
296635
296696
296790
296793
296882
296913
297019
297104
297181
297204
297251
297363
297387
297502
297512
297517
297585
297631
297645
297665
297699
297730
297859
297876
297877
297921
29801
298014
29802
298031
298034
298077
298147
298242
298297
298299
298458
298483
298564
298596
298657
298658
298799
298848
298853
29891
299004
299029
299122
299273
299309
29931
299351
299563
299647
299662
299765
299773
299779
299794
299836
299871
299968
299974
300011
300024
300040
300052
300067
300070
300103
300197
300198
300232
300279
300284
300333
300396
300399
300414
300441
300470
300568
300629
300745
300782
300887
300928
300950
301114
301146
301158
301261
301281
301334
301373
30139
301484
301514
301537
301554
301558
301591
301605
301671
301764
301870
301885
301890
301895
301927
302076
302141
302147
302213
302230
302240
302250
302397
302424
302595
302661
30288
302928
303020
303126
303213
303236
30328
303311
303453
303508
303651
303658
303703
303708
303723
303743
303763
303923
303946
303959
303992
304047
304150
304158
304248
304295
304332
304466
304483
304523
304570
304590
304625
304693
304765
304919
304949
304950
305170
305215
305224
305235
305256
30526
305267
305363
305366
305380
305451
305462
305501
305564
305635
305638
30565
305772
305853
305888
305985
306030
306113
306160
306161
306258
306267
306288
306373
306431
306485
306535
306554
306584
306705
306782
30681
306822
306824
306902
307
307061
307190
307278
307322
307426
307432
307552
307567
307603
307670
307686
307757
307758
307803
307835
307966
307968
308040
308047
308100
308121
308145
308172
308175
308197
308208
308253
308297
308349
308444
308470
308548
308549
308575
308621
308687
308825
308847
308963
309031
309144
309260
309285
309311
309322
309364
309368
309400
309404
309406
309568
309580
309615
30962
309706
309710
309771
309795
309797
309873
309956
309983
310021
310070
310150
310158
310193
310203
310289
310331
310450
310518
310606
310633
310645
310665
310695
310751
31084
310851
31090
310926
310958
311011
311173
311229
311254
31135
311358
311428
311448
311522
31157
31161
311691
311715
311726
311808
31187
311926
311933
311965
312032
312038
312041
312050
312126
312182
312199
312247
312252
312299
31230
312344
312346
312368
312379
312390
312506
312596
312785
312825
312828
312867
312926
313002
313071
313164
313285
31329
313465
313532
313569
313579
313617
313705
313709
313786
313803
313812
313914
313923
313932
313946
313956
313971
313993
314048
314050
314279
314371
314420
314526
314602
31462
314626
314627
314692
314714
314724
314778
314822
314849
314929
314979
315005
315030
315294
315322
315339
31536
31537
315425
315428
315508
315637
315728
315734
315860
315944
315961
315972
31604
316085
316106
316132
316140
316152
316155
316218
316275
316353
316575
316669
316759
316777
316826
317090
317208
317237
31729
31733
317331
317428
317460
317537
317573
317659
317687
317688
317728
317764
317765
317816
317905
317981
318088
318162
318185
318203
318223
318234
318241
318306
318355
318462
318476
318506
318677
318780
318815
318857
318906
318929
319005
319043
319057
319122
31922
319260
319266
319293
319346
319354
319359
319406
319543
319581
319591
319644
319685
319714
319738
319818
319822
319841
319868
319899
319990
320085
320125
320200
320271
320273
320292
320349
320432
320471
320478
320563
32068
32074
320840
320911
320926
321
321006
321173
321181
321215
321344
321346
321506
321642
321702
321709
321711
3219
321942
321969
32206
322101
322239
322297
322302
32231
322321
322327
322362
322402
322405
322407
322592
322634
322659
322710
322768
322771
322870
323030
323133
323226
323240
323243
323264
323278
323311
323322
323536
323581
323717
323722
323728
323737
323862
323950
324012
324032
324156
324200
324261
324366
324415
324488
324521
32458
324603
324611
32471
324713
324831
324904
324940
324952
325015
325089
325287
325298
325332
325390
325487
325488
325494
325555
325654
325710
32586
325891
325955
325986
325989
326056
32606
326071
326083
32611
326143
326203
326210
326247
32627
32629
326313
326465
326480
326570
326583
326594
32664
326700
326716
326719
326891
326892
326903
326947
32699
327000
327029
327032
327055
327088
327157
327205
327271
327369
32739
32757
327625
327660
327694
327695
327702
327805
327813
327841
327876
327998
328023
328064
328066
32816
32818
328217
328223
328242
328275
32829
328327
328361
328391
328407
328427
32843
328487
328571
328599
328662
328727
328906
328917
32893
328995
329018
329055
329141
329148
329151
329339
32937
329380
329386
329411
32949
329502
329508
32957
329602
329616
329634
329661
329667
329703
329715
329752
329753
329755
329762
329793
329869
330112
330164
330177
330181
330223
330327
33034
330341
330451
330513
330516
330562
33057
330677
330694
330726
330806
330824
330881
330909
330919
330922
33094
331057
331093
331134
331191
331222
331225
331264
331266
331298
331331
331353
331370
331463
331541
331588
331690
331793
331832
331885
331904
331992
332
3320
332078
332135
332162
332316
332420
332574
332578
332722
332733
332748
332836
332875
332915
332965
333040
333088
333247
333323
333335
333337
333368
333407
333580
333654
333775
333831
333951
333978
334056
334135
334187
334208
334215
334463
334470
334681
33471
334714
334751
334752
334755
334788
334789
33481
334852
334858
334916
33494
334940
334953
33500
33505
335076
335101
335111
335200
335212
335217
335244
335301
335336
335339
335362
335363
335415
335441
335500
335525
335565
335581
335692
33571
335722
335758
335767
335824
335913
33596
336077
336078
336129
336221
336314
33633
336452
336503
336541
336580
336593
3366
33663
336637
336749
336752
336783
336980
336991
337161
337255
337265
33733
337390
337585
337594
337689
337808
337882
337886
337895
337902
337975
337985
337991
338012
338025
338030
338061
338086
338132
338164
338228
33841
338522
338558
338597
338766
338864
33888
33901
339159
339248
339250
339290
339352
339382
33943
339499
339547
339597
339611
339633
339634
339643
339670
339677
339684
339711
339715
339849
339987
340065
340136
340145
340217
340292
34039
340406
340441
340539
340622
340623
340633
340673
340734
34074
340763
34086
340876
340897
340903
340923
340971
340976
340983
34104
341054
341062
341087
341133
341139
34120
341257
341350
341546
341639
341663
341736
341756
341768
341865
341894
341902
341941
341947
341981
342010
342017
342255
342325
342347
342363
342532
342639
342666
342683
342696
342702
342703
342807
342851
343012
34304
343057
343104
343156
343165
343204
343225
343282
343307
343349
343383
343418
343526
343639
343792
343799
343860
343881
343948
344040
344043
344073
344080
344126
344138
344146
344157
344174
344181
344187
34430
344361
344399
344460
344477
344579
344597
344661
34475
344793
34480
344805
344857
34489
34491
344935
344989
344998
345104
345142
345149
345188
34523
345238
345265
345302
345429
345578
345617
345667
345701
345786
345833
345861
345864
345867
345899
345952
345973
345989
346021
346095
34624
346360
346433
346445
346472
346492
346497
346817
346823
346898
346930
347042
347101
347115
347121
347135
347263
347340
347362
347380
347438
347570
347610
34779
3478
347948
348203
348274
34828
348302
348370
34854
348577
348609
348621
348751
348843
348865
348871
348904
348924
348948
348968
349
349047
349059
349074
349201
349268
349278
349282
349337
349338
349354
349358
349363
349390
349403
349511
349527
349530
349658
349686
349719
349750
349784
349827
349931
349932
349974
350009
350028
35004
350067
350077
350138
350165
350253
350268
350303
35045
350481
350534
350617
350701
350706
350755
350765
350810
35094
350953
35097
35102
351159
351193
35127
351380
351419
351473
351479
351514
351539
351686
351710
351760
351796
351890
351914
351972
352019
352125
352142
352176
352185
352241
352247
352316
352398
352421
352426
352440
352558
352565
35265
352651
352814
352821
352835
352938
353006
353091
353138
353200
353206
353260
353370
353372
353427
353473
353494
353495
3535
353511
35358
35361
353653
353694
353881
353919
354012
354059
35407
354115
354131
354167
354185
354205
35424
354248
35427
354298
354716
354718
354726
35473
354734
354746
354770
354930
354993
355022
355050
355072
35508
355175
355180
355186
355210
35532
355385
355398
355415
355426
355440
355481
355620
355647
355674
355727
355737
355748
355778
355918
356011
356060
356066
356079
356174
356184
356290
356330
356362
356374
356382
356569
356645
356654
356665
356746
356856
356916
356921
356941
35696
35712
35725
357289
357294
35741
357428
357429
357461
357561
357584
357668
35771
357790
357799
357831
357881
3579
358085
35820
358216
358297
35844
358523
358558
358580
358599
358616
358667
358730
358825
358836
358841
359005
359048
359070
359098
359249
359337
359357
359364
359365
359595
359656
359686
359695
359704
359853
360092
36017
360273
360277
36029
360374
360500
360536
360548
360604
360736
360771
360870
361108
361197
361233
361248
361334
361356
361359
361394
361464
361672
361738
361909
362007
362046
362067
362072
362118
362120
362151
362282
362314
362340
362371
362499
362505
36260
36273
362744
362879
362944
362966
363023
36303
363038
363078
363084
363160
363217
363504
363514
363549
363602
363621
363639
363656
363826
363885
363917
363933
364067
36417
364244
364364
364372
36439
364420
36448
364485
364487
364491
364618
364797
364833
364850
364939
364941
365013
365175
365202
365206
365258
365259
365264
365267
365282
365293
365314
365345
365351
365434
36544
365452
365507
365530
365596
365659
36567
36574
365755
365772
365817
365819
365927
365947
365948
366094
366116
366150
366174
366204
36622
366385
366414
366430
36658
366706
366717
366740
366795
366829
366839
366907
366972
366975
367071
3671
367171
367201
367259
367260
367332
367389
367538
367615
367725
367763
367784
367795
367869
367977
368055
368081
368084
368087
36811
368311
368409
368439
368490
368521
368547
368588
368629
368656
368729
368731
368818
368840
368874
368876
369036
369095
369201
369202
369204
369212
369267
369304
369357
369358
369443
369499
369521
369546
369596
369644
36966
36968
369778
369838
369848
369931
370120
370124
370145
37015
370234
370261
37035
370378
370380
37039
370426
370511
370522
37059
370613
370763
370805
370831
370868
370928
370945
371090
371114
371132
371198
371201
371222
371254
371258
371260
371295
3713
371315
371608
37169
371703
371739
37174
371807
37186
371950
371955
372003
372058
372156
372308
372319
372479
372482
372555
372669
372673
372702
372801
37286
372862
3729
37291
373053
373073
373076
37326
37327
373294
373346
373348
373444
373465
373482
373522
373568
373648
373683
373697
373730
373898
373923
37394
374174
374208
374239
374248
37429
374308
374357
374391
374454
374463
374538
374661
37477
374800
374845
374873
374904
374924
374977
374994
37502
375282
375294
375331
375347
375425
375464
375504
375528
375531
375680
375714
375728
375838
375947
375960
376084
376087
376131
376283
376320
376377
376381
376479
376502
376505
376557
376573
376819
376831
376839
376934
376946
376972
377008
377059
377213
377241
377251
377278
377322
377412
377416
377423
377473
377496
377513
377545
377570
377578
377583
377632
377701
377756
377778
37779
37782
377893
37790
377914
377983
378087
3782
378203
378305
378415
378416
37847
37852
378611
378613
37862
378637
378659
378710
378827
378864
378907
378950
379004
379067
379129
37913
379172
379193
379261
379285
379315
37932
379349
379564
379607
379630
379672
379777
379781
379911
379941
379965
380084
380108
380171
380279
380280
380305
380306
380338
380351
380477
380586
380665
380732
380797
380798
380820
380821
380918
380928
381036
381107
381163
381261
381314
381333
381458
381470
381476
381533
381626
381642
381661
381758
381789
381957
381967
382
382058
382081
382188
382320
382356
382423
382472
382503
382514
382589
382636
382643
382653
382662
382736
38274
382881
382924
382947
382979
38305
383141
383154
383244
383250
383390
383407
383453
383512
383556
383637
383639
383658
38370
383873
383885
383888
383905
384027
384099
384164
384231
38432
384326
384391
38440
384499
384520
384592
384641
384673
384675
384700
384740
384750
384793
384826
384883
384967
385070
385145
385150
385276
385307
385313
385342
385390
385441
385492
385517
385604
385627
385661
385674
385682
385701
385743
385805
38582
38584
385858
385913
385934
385980
3860
386079
386250
386414
386467
386603
386715
386752
386778
386784
386796
38681
386847
386854
38686
386876
386880
386896
386936
386984
3870
387045
387075
387087
38722
387243
387264
38730
387368
387372
387392
387529
387543
387595
387601
387666
3877
387712
387731
387796
387887
387948
388074
388117
388149
388214
388228
388281
388297
388312
388348
388412
388498
388510
388566
388714
388779
388805
388853
388865
388905
388922
38895
388961
389
389011
389021
389037
389048
389152
389280
389336
38934
389345
389351
389418
389491
389634
389654
389743
389772
389932
389935
389965
38999
390000
390001
390061
390125
390288
390513
39065
390757
390956
3911
391117
391251
391304
391332
39138
391439
391480
391481
3915
391525
391543
391568
3917
391703
391786
39195
391966
391976
392028
392098
392142
392154
392201
392219
392224
392302
39236
392480
392584
392627
392703
392715
392725
392726
392839
392924
392943
39301
393091
393268
393418
393438
393445
393508
39359
39360
393611
393867
393909
394021
394036
394058
394115
394211
394245
394271
394276
394283
39438
394404
394436
394546
39455
394554
394598
394729
394756
394766
394794
394806
394880
394889
394891
394975
395030
395170
395259
395271
395284
395292
395314
395321
395340
395426
395445
395491
395500
395527
395673
39570
395744
395761
395768
395863
395958
395965
39597
396010
396029
396030
396106
396143
396172
396212
396221
396260
396287
396330
396380
396421
39643
396578
396596
396611
396623
396638
396685
396703
396765
396871
396927
39698
397064
397148
39716
397173
397219
39733
397511
397593
397687
397735
397893
397899
397938
397997
398004
398037
398051
398093
398098
398124
398142
398214
398271
398285
398419
398435
398514
398535
398575
398623
398665
398696
398767
398772
398924
398957
398962
399006
399147
399152
399165
399191
3992
399200
399208
399227
399232
399236
399294
399461
399472
39948
399488
399489
399500
399540
399650
399675
39971
399875
400045
400080
400094
400253
400298
400371
400440
400534
400555
400592
400603
400619
400752
400822
400828
400838
400848
400919
400966
40100
40114
401167
401171
401229
401232
401269
401287
40130
401313
401369
401400
401402
401416
401433
401455
401509
401569
401608
401707
401735
401836
402051
402326
402364
402384
402447
402470
402507
40251
402621
402689
402699
402710
402806
402818
402820
402833
40286
402880
402941
402980
40304
403132
403133
403135
403162
403249
403307
403325
403523
403547
403577
403754
403798
403841
403913
403916
403999
404163
404242
404285
404350
404450
404545
404579
404621
40466
404673
404739
404826
404865
404948
405013
405131
405133
405145
405210
405225
405278
40535
405418
405469
405563
405606
405677
4057
405800
405840
405849
405906
405920
405980
406004
406013
406024
406139
406168
406199
406250
406292
406303
406422
406424
40643
406490
4065
406677
406710
406725
406798
406807
406839
40685
406920
406938
406957
407196
407216
407238
407301
407349
407434
407460
407470
407575
407589
407607
407634
407651
407687
407699
407806
407808
407820
407930
407963
408040
408041
408146
408185
408187
408390
408405
408431
408526
408660
408672
408681
408755
408795
408833
408838
408846
40891
408917
408923
408954
409182
409184
409199
409220
409327
409338
409374
40938
409455
409468
409488
409546
409616
409658
409668
409706
409707
409740
409771
40988
40995
410033
410165
410173
410190
41022
410256
410312
410345
410409
410441
410581
410655
410707
410708
410805
41087
410887
410946
410963
410966
41097
410980
411015
411208
411238
411274
411362
411379
41138
411441
411478
411624
411645
411703
411740
411745
411857
411912
412034
412040
412134
412190
412194
412220
412281
41233
412442
412491
412508
412566
412661
412681
412687
412781
412824
412830
412908
413046
41305
41311
413128
413164
413198
413242
413289
413346
413421
413489
41356
413723
413792
413868
413896
413918
413942
41398
413989
4140
414010
41404
414088
414115
414189
414202
414258
414284
414421
41453
414577
414683
414684
414706
414888
415089
415174
415209
415232
415283
415376
415499
415533
415571
415602
415604
415634
415918
416047
416119
416248
416258
416303
416315
416356
416570
416585
416610
416644
416655
416767
416810
417141
417160
417220
417264
417295
41730
417303
41739
41745
417469
417476
417542
417549
417556
417602
417751
417802
417834
4180
418034
418085
418087
418141
41818
418198
418315
418409
418575
418595
418596
418620
418726
418811
418812
41887
418894
418964
418968
418984
418988
419
419026
419052
419056
419276
419324
419333
419483
419501
419575
419610
419644
419700
419712
419798
419908
419979
420065
420085
420146
420210
420349
420396
420398
420400
420412
420442
420465
420523
420612
42079
420823
420939
421024
421086
42109
421102
421136
421193
421241
421380
421447
421491
42156
421599
421602
421735
421771
421791
421876
422008
422050
42209
422105
422127
422161
422206
422255
422261
422336
422405
42254
422661
422804
422866
422899
422910
422939
423083
42320
423355
423356
423454
423488
423562
423643
423778
423796
42384
423860
423872
423875
423938
424088
424108
424139
424160
424161
424193
42427
424327
424337
424342
424404
424434
424439
424485
424539
424542
424637
424669
42481
424907
424915
424982
425123
425187
425325
42540
425400
425418
425669
425685
425712
425758
425837
425839
425944
426052
426076
426118
42619
426269
426350
426355
426383
426421
426548
426591
426598
426663
426690
426776
426791
426869
426911
426920
427005
427069
42707
427166
427251
427335
427344
427362
427382
427384
427435
427467
42748
427547
427555
427628
427726
427835
427852
427958
42799
428006
428029
428035
428046
428117
428126
428142
428152
42820
428214
428299
428345
428381
428391
428407
428412
428420
428486
428587
428629
428736
428785
428788
428816
429015
429038
429111
429207
429289
429312
429357
429514
429606
429614
429658
429672
429705
42972
429741
429776
429995
430035
430065
430148
430166
430215
430244
430261
430428
430581
430731
430739
430889
431024
431133
431178
431184
431207
431376
431494
431553
431704
431921
43193
431997
432037
432053
432153
43227
432286
432448
432522
432526
432593
432598
432637
432683
43269
43270
43279
432873
432891
432956
432998
433055
4331
433110
433217
433236
433259
433262
433286
433296
433301
433392
433398
433413
433428
433435
433446
433618
433704
433770
433786
433825
433826
433900
433910
433941
433975
434084
43411
434118
434127
434141
434221
434262
434270
43431
434319
434357
434484
434496
434767
434773
434940
43513
435152
435210
435303
435327
435445
435548
435620
435743
435811
435832
435833
435882
435963
436014
436025
436038
436105
436108
436161
436182
436333
436354
436585
436719
436837
436882
436932
436990
437102
437184
437199
437277
437317
437353
437464
43750
437522
437611
437620
437701
43774
437783
437816
437817
437849
437857
437892
437904
437911
437981
437996
438029
438063
438073
438095
438102
438111
438292
438315
438375
438453
4385
438619
438671
438701
438904
43893
439057
439072
439089
439175
439325
439518
439614
439633
43966
439756
439784
439855
439865
440032
440057
440154
44017
440243
440291
440298
440311
440372
440390
440444
440511
440527
440614
440663
440707
440735
440752
440778
440938
441062
441108
441182
441258
441296
44138
441419
441433
441480
441488
441544
441619
44170
441753
441952
442089
442099
4421
442132
442277
442443
442506
442509
442593
442638
442645
44266
442790
44286
442874
442879
442982
443
443057
443136
443165
443254
443268
443410
443496
443513
443519
443575
443579
44372
44388
443916
443937
443940
443987
444010
444024
444036
44404
444181
444269
444272
444285
444404
444409
444432
444448
444627
444664
444735
444997
445004
445007
445075
445111
445127
445175
445220
445263
445327
445388
445397
445404
445462
445500
445556
445592
44569
445777
445784
445810
445829
44583
445892
446006
446075
446088
446269
4463
446303
446351
446521
446628
446677
446884
446937
446956
447016
447041
447074
447197
447235
447243
447253
447302
447374
447471
44751
447574
44763
44774
447773
44782
447823
44788
447885
447976
448099
44813
44815
44816
44818
448220
448280
44830
448368
448503
448507
448521
448558
448580
448648
448653
448671
448689
448723
448761
4488
448826
448863
448944
448976
449071
449088
44911
449119
449158
449220
449291
449310
449384
449394
449537
449657
449686
449760
449847
449896
449902
449904
449914
450
450111
450160
450173
450175
450193
45026
450314
450317
450362
450434
450455
450471
450477
45049
450526
450597
450598
45071
450741
450864
450910
450914
450918
450952
451016
451024
451033
451165
451206
451283
45131
451352
451409
451489
451513
451519
451594
451597
451698
451720
451800
45183
451836
451969
452004
452031
452115
45215
452170
452236
452250
452269
452342
45237
452371
452398
452500
452502
452532
452535
452619
452621
452685
452782
452807
452852
452892
452908
45292
452982
453106
453191
453348
45337
453397
453409
45343
453529
453541
453548
453562
453625
453706
453801
453866
45396
453972
454172
454217
45446
454477
45455
454565
454712
454730
45475
454796
454857
454886
454894
45490
454917
45492
454928
455020
455037
45524
455322
455333
455334
45537
455370
455400
455406
455523
455565
45558
455651
455665
455677
455691
455856
455902
45593
456035
456109
456113
45625
456251
456286
456344
456392
456443
456499
456606
456608
456639
456658
45672
45678
456790
456949
456988
457035
457087
457235
457263
457383
457448
457672
457705
457737
457796
4578
457827
45808
458160
458172
458230
458249
458282
458543
458604
458611
458621
4587
458752
458756
458802
458970
459189
459310
459319
459328
45946
4595
459557
459569
459694
459767
459799
459800
45999
460031
460042
460097
460143
460198
460231
460234
46029
460342
460343
460408
460441
460482
460484
460495
460496
460694
460702
46071
460715
460728
460809
460862
460915
460916
460950
46106
461221
461365
461389
461464
46149
461494
461519
461521
461567
461593
4616
461600
461657
46169
46170
461705
461847
461870
461876
461917
462071
462075
4622
462404
462477
462501
462504
462509
462517
462536
462549
46255
462599
462662
462709
462712
462791
462803
462811
462833
462860
462911
462998
463004
46306
463110
463175
463189
46320
463201
463284
463349
463546
463564
463567
463591
463613
463619
463695
46385
463851
463875
463953
463989
464056
464079
46408
464150
464305
464494
464537
464585
464650
464675
464715
464845
464854
464859
464871
464895
464965
46519
465204
465213
465229
465369
465374
465457
465465
46564
465670
465695
465702
465740
465779
465814
465829
465838
465854
465922
466083
466132
466145
466179
4662
466242
466277
466373
466378
466406
466447
466451
466491
466536
466544
466547
466656
466730
466807
466885
466890
466910
466942
466964
466985
467037
467063
467089
467177
467262
467432
467589
467674
467686
467723
467753
467769
467774
467779
467790
467878
468117
468243
468276
468341
4684
468503
468538
468542
468670
468818
468826
468830
468834
468841
468852
468876
469014
469195
469293
469315
469389
4694
469427
469515
469587
469614
469619
469661
469728
469762
469768
469770
469779
469781
46981
469825
469832
469851
469880
46990
469914
46997
470046
470068
470073
470112
470189
47022
470267
470300
470321
470354
470454
470472
470525
470532
470547
470551
470720
470722
47074
470774
470811
47084
470862
470937
471188
471222
471345
471348
471351
471382
4714
471407
471409
471470
471529
471647
471686
471708
471755
471790
471863
471905
471935
471946
471952
471966
472024
472041
472079
472097
47213
472258
472296
472314
472348
472392
472452
472485
472521
472553
472609
472639
472737
472861
472893
472900
472925
47294
473029
473052
473072
473082
473102
473125
473131
473137
473156
473261
473500
473508
473549
473575
473616
473665
473726
473771
473842
473866
47387
473928
473952
473985
474004
474031
47407
474105
474383
474446
474472
474562
474607
474709
47481
474941
474955
474984
475001
475019
475177
475306
475316
475318
475336
475380
475425
47548
47550
475551
475580
475588
475692
475731
475744
475815
475857
475939
475957
475999
4761
476106
476188
476220
47631
476481
476500
476517
47652
47659
47667
476761
476826
476893
476904
476965
477005
477015
477179
477226
477233
477259
477298
477440
477442
47746
477468
477471
477491
477563
477622
477643
477797
477892
47813
478145
478198
478227
478306
478537
478609
478648
478652
47867
478712
478726
478741
47877
478833
478835
478845
479035
47907
47909
47928
479360
479390
4794
47949
479501
47952
479595
479608
479729
47974
479867
479935
48001
480082
480121
480153
480161
480196
480241
480295
48047
480487
480566
480661
480723
480728
480741
480779
480792
480797
480820
480843
480890
480950
480991
481002
481039
481091
481099
481101
48126
481292
481298
481357
481407
481441
48150
481506
481524
481553
481689
481732
481796
481810
481841
481879
481971
4820
482049
482084
482127
482148
482191
482196
482197
48220
482234
482296
4823
482371
482439
482472
482545
482728
482841
4830
483070
483083
483187
483205
483261
483377
483378
483425
483458
483489
483611
483646
483677
483752
483757
483794
483795
483996
484019
484136
484171
484201
484281
484282
484302
484336
484341
484344
484386
484476
484506
484650
484690
484739
484835
484843
484847
485014
485025
485059
485247
485317
485342
485387
485481
485484
485526
485595
485605
485755
485788
485856
485926
48595
485954
486045
486066
486123
486159
486257
486262
486298
486376
486449
486545
486555
486567
48658
486609
486650
486732
486789
487011
487033
487036
487061
48710
487139
487167
487288
48733
487378
487392
487462
48747
487476
487486
487496
487555
487559
48759
487632
487766
487810
487825
487840
487851
48794
488002
488014
488132
488303
488363
488390
488403
488726
488747
488862
488880
488918
488980
488990
489140
489276
489279
489288
489372
489374
489400
489463
489476
489695
48971
489734
489735
489785
489827
489849
489906
489958
489986
489998
490102
490112
49017
490261
490264
490312
490328
490385
490461
490496
49053
490532
490570
490723
49095
490993
491241
491250
491272
491279
491319
491330
49143
491492
491525
491526
491597
491628
491636
491664
491801
491830
491845
491936
491981
49199
492040
492078
492114
492131
492137
492138
492156
492178
492261
492268
492386
492466
492478
49254
492550
492627
492642
492674
492684
492851
492954
49301
493066
493197
493252
493428
493483
493547
493576
493732
493741
493769
493791
493822
49384
493859
493911
493947
494007
494066
494155
494190
494195
494217
494236
494282
494297
494341
494415
494471
494552
494568
494599
494642
494690
494711
494771
494894
494900
494936
494941
494959
495051
495122
495169
495243
495374
495445
495528
495592
495641
495695
495722
49573
495789
495814
495875
49592
495956
495969
495997
496045
496053
496128
496160
496196
496215
496290
496404
496424
496429
496434
496499
496517
49662
496678
49673
496732
496747
496793
4968
496826
496832
496902
496942
496943
497010
497140
49719
497211
497216
497227
497245
497261
497273
497274
497494
497519
497558
497562
497617
497733
497788
49782
49790
49801
498114
498156
498160
498427
498492
498644
498669
498729
498768
498796
498967
498988
499026
499135
499204
499225
499230
499300
499336
499376
499419
499451
499512
499749
499784
49988
499913
499930
499932
499952
499966
500027
50003
500057
500077
500099
500136
500147
500152
500165
500271
500440
500457
500515
500531
500646
500679
500694
500764
500792
500877
500921
500946
500973
500981
500984
5011
501175
501210
501269
501293
50134
501441
501549
501625
501646
501718
501739
501758
501785
5018
501867
501902
501909
501959
501967
501995
502091
502112
502116
502179
502232
502248
502300
502324
502338
502379
502395
502407
50244
502508
502529
502581
502593
50261
502726
502772
5028
502838
502894
502914
503014
503015
503150
503249
503478
503479
503535
503557
503674
503871
50389
503996
504030
504054
504058
504069
504108
504130
504140
504141
504159
504160
504211
504306
504396
504493
504598
504664
504774
504800
504862
504878
504974
505104
50518
505288
505309
50536
505384
505418
505421
505501
505552
50556
505579
505625
505645
505649
505666
505700
505705
505713
505768
505791
505827
505895
50597
506026
506030
506037
506039
506073
506162
506283
506316
506372
506470
50648
506576
506589
506641
506735
506750
506927
506964
506988
507196
507243
50757
507570
507603
507680
507769
507776
507876
507882
508
50806
508202
508207
508252
508278
508382
508555
508592
5086
508663
508723
50878
508821
50885
508938
508954
509084
509217
509235
509244
50927
509339
50939
509390
509394
509406
509419
509483
509528
509555
509584
50961
509652
509706
509733
509823
509864
509883
509915
509933
509948
510
510012
510027
51021
510290
510328
510371
510391
510549
510552
510570
510665
510729
510730
510799
510813
510985
510998
511053
511165
511179
511188
511221
511276
511301
511328
511343
511373
511425
5115
51152
51168
511781
511789
511848
511869
512007
512156
512554
512582
512731
512787
512854
512864
512872
512940
512950
512961
512968
513015
51302
51310
513241
513274
513298
513324
513430
513449
513532
513683
513708
513729
513758
513795
513895
513978
514006
514191
514209
514245
514283
514295
514318
514346
514384
514451
51453
514563
514619
514622
51474
514749
51478
514781
514801
514890
514902
514988
515006
515019
515020
51504
515058
515066
51525
515260
515274
515377
515401
515423
515431
515505
515508
515590
5156
51563
515662
515878
515916
516106
516168
516175
516176
51618
516261
51639
516417
516488
516490
516535
516590
516624
516636
516738
516793
5169
516911
517068
517115
517161
517226
517261
517305
517370
517403
517438
517460
517652
517670
517760
517916
517921
517931
517947
517985
518158
51819
518198
518266
518392
518495
518509
518510
518517
518613
518647
518667
518685
518774
518819
518843
518853
518858
518918
518954
51899
519075
519145
519234
519347
519404
51941
519432
519554
519616
51965
519707
519723
519774
5198
519840
519974
519993
520039
520114
520208
52030
520310
520477
520679
52073
52086
520978
521004
521025
521059
521132
521182
52123
521238
521361
521416
521428
52151
521514
52153
521570
521632
521663
521709
521808
521998
522129
522173
522229
522249
522270
522338
522360
522391
522405
522481
522491
522661
52270
522704
522741
522819
522856
522862
522897
522938
522968
52299
523114
523201
523220
523225
523314
523349
52341
523412
523639
523792
52382
523894
523907
523919
524019
524059
524118
524130
524227
524311
524338
524377
524386
524389
524476
52448
524522
524645
524651
524662
524786
524881
52497
52502
525104
525124
525163
525176
525179
525248
525300
525340
525409
525539
525589
525591
525678
525714
525813
525865
526008
526057
526098
52611
52619
526196
526433
526467
526514
526597
526598
526701
526734
526840
526881
526957
527059
527096
527112
527118
527216
527338
527344
527446
527554
527649
527752
527863
527891
527899
528020
528080
52819
528198
528230
528243
528299
52844
528563
528687
528707
528782
5288
528851
528892
528912
528915
528929
528970
528971
528992
52901
529019
529087
529107
529133
529136
529188
529277
52929
529308
529310
529347
529409
52943
529477
529580
529630
529661
529667
529772
529864
529879
530002
530019
530038
530047
530132
530282
530364
530408
530433
530486
530497
530658
530729
530869
530876
530906
53095
530950
531
531045
531076
531096
531146
531190
531224
531329
53136
531374
53143
531481
53169
53170
531778
531844
531860
531861
531956
531958
53196
531987
532
532062
53208
532106
532107
532128
532132
532175
532245
532276
532286
532333
532495
532505
532535
532617
532623
532633
532711
532744
532768
532775
532866
533011
533019
533041
533049
533154
533255
533312
533431
533451
53351
533551
533569
533603
53361
533686
533739
533800
533807
533889
534024
534048
53405
534195
534266
534323
534448
534468
53451
53455
534633
534637
53464
534662
534694
534735
534751
53479
534866
534914
534972
534975
535125
535160
535174
535212
535276
535325
535389
535561
535688
535713
535817
535874
53601
536039
536054
536127
536145
536237
536278
536286
53632
536365
53643
536437
536514
536534
536570
536575
536607
536619
536641
536663
536707
536761
537090
537223
537248
53729
537379
537417
537532
537543
537596
537648
537667
537761
537773
537782
537807
537844
537879
537909
537924
53793
537944
538007
538108
538133
538170
538223
5383
538336
538343
538398
538518
538580
538604
538609
538640
538682
538687
538691
538701
538709
538735
538809
538821
538846
538922
539056
539087
539180
539233
539242
539309
539313
539335
53939
539404
539493
539584
539589
539596
539789
539844
539848
539941
539967
540097
540225
540370
540384
540496
54052
540561
540575
540617
54065
540670
540728
540795
540831
540848
540868
540872
540899
540933
540947
541027
541077
541092
541171
54121
541282
541288
541319
541343
541422
541450
541464
541491
541553
541591
54163
541690
541702
541712
541725
54173
541730
541771
54194
541999
542048
542060
542165
542180
542213
542221
542231
542313
542321
5424
54244
542443
542472
542485
542514
542582
542589
54260
542643
542715
542832
542839
54286
542866
542881
542984
543026
543119
543194
543200
543263
543272
543275
543291
543332
543333
543379
543389
543447
543470
543515
543616
543657
543716
543729
543747
543754
543769
543817
543833
54386
543986
544005
54402
544032
544687
544690
544701
544760
544819
544832
54492
544994
545016
545082
545088
545163
545213
545249
545316
545324
545334
54541
545428
545476
545491
545549
545573
545673
545675
545710
545812
545844
545874
545944
545992
546013
546046
546056
546078
546105
546117
546205
546211
546301
546379
546499
546538
546695
546716
546791
54692
546944
546981
547154
547165
5472
547280
547315
547318
54738
547449
547509
54758
547594
547618
54764
547644
547730
547742
547743
547777
547845
54803
54806
548088
548136
548153
548184
548251
548253
548362
548375
548471
548532
548608
548616
548662
54868
54869
548824
548874
548889
548906
548964
549017
549115
549133
549216
549236
549330
549347
549422
549426
54943
549447
549471
549496
54953
549532
549539
54957
549691
549711
549729
549810
549830
549849
549866
549910
549928
549942
549962
549988
550049
550089
550147
550221
550222
550308
550333
550353
550356
550392
550455
550512
550536
550547
550655
550690
550760
5508
550870
551082
551118
551125
551267
55128
551314
551344
551364
551427
551507
551524
551571
551607
551636
551657
551710
551717
551858
551936
551947
552004
55202
552032
552066
552163
55226
552272
552441
552453
552486
552623
552641
552657
552721
55276
55288
552886
55294
553021
553030
553046
553149
553176
553209
553304
553373
553407
553413
55344
553446
553487
553498
553563
553573
553623
553668
553736
553758
553800
553849
553913
55398
554066
554081
554082
55413
554159
554217
554301
554323
554434
554507
554541
55468
554752
55478
554809
554815
554949
554952
554996
555020
555022
555118
55517
555206
55521
55527
555273
555336
555355
555475
555493
555514
555516
555534
555653
555654
555800
555882
555910
556089
55618
55627
55641
556482
556544
556698
556709
556730
556745
556775
556823
556843
55695
556956
557102
55712
557227
55731
557313
55733
5574
557490
557546
557578
557628
55764
557678
557717
557746
557768
557783
557944
557948
557952
558044
558166
55818
558271
558274
558317
558401
558448
558584
558599
558602
558615
558616
558619
558623
55873
558835
558836
558871
5589
55891
558917
558968
559021
559079
55915
559356
559366
559382
55942
55947
559484
55966
559733
559768
559891
559974
559986
560046
56005
56006
560135
560158
560262
560366
560384
560436
560437
560495
560525
560532
560544
560552
560567
560571
560581
560604
560685
560726
560748
56075
560784
560943
560969
561006
561012
56109
561101
561180
561190
561251
56132
561352
561390
561406
561436
561464
561527
561630
561643
561660
561731
561785
561821
561894
561917
561947
561988
562015
562029
562098
562136
562147
562242
562341
562382
562504
562574
562602
56262
562664
562677
562678
562740
562766
562817
562826
562835
562862
56287
562876
562973
563098
563138
563164
5632
563270
563279
563319
56332
563391
563396
563444
563475
563651
563652
563656
563658
563676
563717
563798
5638
563803
563898
563985
563987
564015
564072
56416
564211
564228
564235
564237
564267
564271
5643
56432
564371
564449
564570
564589
564680
564681
564684
564756
564759
56480
564803
5649
564957
565042
565062
565116
565211
565303
565312
565313
565381
565399
565429
565546
565564
565594
565612
565878
565940
566060
566099
566319
566355
566375
566387
566491
566568
566583
566746
566765
566798
566849
566897
566935
566955
566968
567000
567008
567018
567149
56715
567274
567278
567301
56733
567346
567396
567453
567652
567663
567665
567678
567754
567847
567976
567997
568113
568143
568155
568308
568309
568378
568393
568459
568469
568492
568549
568572
568604
568647
568658
568788
5688
568810
568840
568884
568886
569021
569024
569088
569242
569492
569520
569533
569602
56971
569725
569774
569889
569919
569987
570015
570117
570141
570196
570259
570275
570385
570412
570430
570542
570560
570598
570738
570801
570856
57088
570917
570951
570956
571036
571146
571185
571237
571246
571431
571462
571554
571575
571603
571610
571661
571779
571780
571799
571953
57199
572109
572121
572171
572173
572179
572575
572587
572689
572732
572756
57284
572865
572888
572902
572960
573125
573260
573284
573287
573341
573401
573456
573476
573485
573627
573659
573670
573724
573775
57381
573981
573995
574028
574037
574076
574077
574153
574203
574217
574248
574360
574462
574492
574527
574541
574549
574590
574605
57461
574697
574776
57481
574829
574882
574901
574951
574971
575049
575055
575220
575260
575323
575421
57551
575623
575733
575835
575842
575854
575929
575949
575955
576001
576011
576047
576072
576088
576155
576158
576212
576239
576301
576322
57641
576417
576518
576589
576684
576689
576771
576849
576895
57697
576973
577035
577087
577239
577405
577520
577558
577613
577637
577710
577717
577718
57772
577738
577830
577835
577843
577850
577940
577964
578023
578041
578046
578063
578128
578164
578171
578193
578294
578345
578375
578459
578497
578506
578521
578523
578619
57870
578714
578769
578890
578900
578915
578918
579053
579101
579136
579165
579255
57926
579271
579329
579386
579414
579466
579543
579576
579846
579907
57999
579999
580051
580120
580172
580185
580191
58021
580212
580345
580414
580454
580512
580586
580625
580631
580781
580979
58101
58102
58105
581089
581097
581199
581204
581309
581326
58134
581513
58161
581662
581797
58268
58270
58281
58307
58351
58464
58465
58482
58547
58580
58609
58619
5862
58633
58681
58684
58753
58815
58864
58873
58911
58928
58979
58987
59024
59034
59041
5917
59281
59388
59394
59582
59611
59683
59685
59776
59906
59918
59971
60034
6004
60136
60180
60245
60324
60360
60378
60402
60457
605
60599
60720
60814
60828
60890
61206
61266
61307
61459
61463
61588
61635
61672
61877
62038
62046
62053
62075
62175
62204
62313
6233
62336
62337
62446
62464
62547
62552
62589
62716
62743
62756
62770
62815
62893
62995
63043
63081
63123
63143
63230
6327
63275
63347
63571
63662
63681
63745
63818
63835
63845
63865
64139
64534
64562
6465
64704
64733
64834
64893
64908
65153
65163
65166
65195
65329
65440
65518
65588
65668
6572
65732
65835
65841
65891
6590
6595
65971
66014
66054
66124
66129
66156
66164
66192
66327
66376
66507
66637
66822
66853
66862
67052
67077
67085
6709
67090
6710
67155
67220
67248
6725
67261
6730
67344
67396
67428
6747
67548
67560
67571
67647
67657
67748
67771
67798
68028
68082
68094
68152
68153
68163
68179
68183
68235
68305
68356
6842
68442
68623
68633
68668
68717
68777
68788
68860
68867
68895
68912
68947
68953
69052
69148
69197
69290
69302
69308
69339
69355
69486
69498
69532
69675
69745
69809
69816
69874
70104
70159
70211
70288
70295
70346
70411
70562
70710
70868
7090
70927
70939
71015
71122
71126
71265
71271
71295
71322
71339
71344
71427
71485
7150
71552
716
71603
71608
71678
71714
71726
71754
71769
71838
71881
71917
71984
71989
72095
72111
72120
72124
72133
7220
7221
72233
72263
72396
72430
72495
72551
72575
72592
72605
72628
72629
72701
72717
72821
72883
72927
72998
73000
73022
73040
73094
73096
731
73163
7318
73235
73413
73418
73434
73510
73549
73568
73583
7367
73826
73885
73904
74078
74080
74127
74138
74201
74211
74335
74407
74411
74466
74502
74576
74624
74924
74925
74927
74964
75144
75170
75266
75299
75362
75369
7539
75516
75521
75621
75726
75747
75754
75927
76009
76268
76349
7650
76541
76607
76709
76753
7685
77067
77099
7713
77154
77185
77195
77297
77332
77346
77376
77467
77481
77542
77553
77557
77639
77750
7781
77834
77841
77899
78085
78196
78253
78286
78305
78394
78412
78466
78477
78536
78609
78610
78642
78650
78762
78825
7890
78986
79076
79170
79193
79262
79313
79354
79459
7946
79628
79645
79783
79792
79798
80011
80065
80078
8014
80168
80187
80293
80311
80319
80360
80391
80422
80441
80475
80495
8064
80708
80720
80808
80821
80857
80892
80937
80950
81057
81065
81084
81135
81143
81239
81283
81323
81363
81379
81398
81447
81504
81555
81576
81660
81748
81810
81826
81841
81842
81868
81871
81971
82228
82246
82301
82304
82631
82705
82716
82860
82879
82894
83029
83085
83149
83176
8321
83386
83482
8356
83600
83601
83624
83627
83696
83755
83770
83862
83869
83878
83931
83973
84002
84046
84128
84174
84214
8422
84259
84273
84276
84295
84448
84489
84757
84758
84786
84800
84829
85053
85081
85092
85176
85215
853
85404
8553
85564
8559
85623
85647
85706
85781
85790
85855
85856
85865
8587
85948
86031
86119
86169
86210
86221
86226
86282
86285
86378
86393
86452
86476
86514
86530
86555
86573
86655
86676
86678
86750
86777
86790
86803
86842
86861
86869
86901
86907
86927
87000
87115
87137
87207
87214
87216
87225
87232
87285
8733
87334
8734
87450
87465
87554
87593
8776
87871
87980
87987
88068
88117
88136
88192
88315
88324
88330
88339
8848
88540
8856
88609
88635
88754
88802
88866
88931
88950
88956
89
89115
89207
89236
8936
89390
89407
89515
89598
89631
89696
89754
89835
89838
89848
89902
9
9012
90196
90237
90346
90393
9057
90678
90801
90830
90862
90869
90961
90962
91006
91055
91056
91123
9119
91440
91442
9148
91541
91581
91725
91743
91804
91852
91858
91891
91928
91935
92006
92136
92153
92165
92323
92331
92344
92380
92439
92631
92661
92670
92835
92914
92953
92957
93018
93262
93288
93332
93363
93424
93430
93469
93519
93644
93720
93756
93838
93842
93883
93971
94031
94087
94201
94223
9425
94300
94359
94416
94420
9460
9462
94701
94769
94770
9479
94841
94984
9511
95258
95422
95506
95526
95562
95793
95828
95880
96046
96082
9615
96161
96222
96339
96435
96497
965
9656
96568
96582
96723
96745
96754
96757
96790
96809
97023
9708
9712
97218
97272
97283
97391
97396
97450
97492
97514
97591
9760
97614
97878
9789
97913
98038
98123
98233
98276
98290
9843
98480
98494
98503
98549
98554
98601
98641
98642
9866
98694
98739
98867
98915
99004
99008
99070
99094
99108
99129
99139
99159
99184
9919
99245
99349
99372
99407
99417
99453
99476
99536
99539
99580
99598
99599
99629
99676
99701
99728
99753
99817
99844
